CONV NORM
# 18x18 convolution mask of a gaussian PSF with FWHM = 4.0 pixels.
0.00000  0.00000  0.00000  0.00000  0.00000  0.00000  0.00000  0.00000  0.00000  0.00000  0.00000  0.00000  0.00000  0.00000  0.00000  0.00000  0.00000  0.00000
0.00000  0.00000  0.00000  0.00000  0.00000  0.00001  0.00002  0.00004  0.00006  0.00006  0.00004  0.00002  0.00001  0.00000  0.00000  0.00000  0.00000  0.00000
0.00000  0.00000  0.00000  0.00000  0.00002  0.00008  0.00022  0.00045  0.00063  0.00063  0.00045  0.00022  0.00008  0.00002  0.00000  0.00000  0.00000  0.00000
0.00000  0.00000  0.00000  0.00003  0.00016  0.00063  0.00179  0.00358  0.00507  0.00507  0.00358  0.00179  0.00063  0.00016  0.00003  0.00000  0.00000  0.00000
0.00000  0.00000  0.00002  0.00016  0.00090  0.00358  0.01013  0.02026  0.02866  0.02866  0.02026  0.01013  0.00358  0.00090  0.00016  0.00002  0.00000  0.00000
0.00000  0.00001  0.00008  0.00063  0.00358  0.01433  0.04053  0.08105  0.11463  0.11463  0.08105  0.04053  0.01433  0.00358  0.00063  0.00008  0.00001  0.00000
0.00000  0.00002  0.00022  0.00179  0.01013  0.04053  0.11463  0.22925  0.32421  0.32421  0.22925  0.11463  0.04053  0.01013  0.00179  0.00022  0.00002  0.00000
0.00000  0.00004  0.00045  0.00358  0.02026  0.08105  0.22925  0.45850  0.64842  0.64842  0.45850  0.22925  0.08105  0.02026  0.00358  0.00045  0.00004  0.00000
0.00000  0.00006  0.00063  0.00507  0.02866  0.11463  0.32421  0.64842  0.91700  0.91700  0.64842  0.32421  0.11463  0.02866  0.00507  0.00063  0.00006  0.00000
0.00000  0.00006  0.00063  0.00507  0.02866  0.11463  0.32421  0.64842  0.91700  0.91700  0.64842  0.32421  0.11463  0.02866  0.00507  0.00063  0.00006  0.00000
0.00000  0.00004  0.00045  0.00358  0.02026  0.08105  0.22925  0.45850  0.64842  0.64842  0.45850  0.22925  0.08105  0.02026  0.00358  0.00045  0.00004  0.00000
0.00000  0.00002  0.00022  0.00179  0.01013  0.04053  0.11463  0.22925  0.32421  0.32421  0.22925  0.11463  0.04053  0.01013  0.00179  0.00022  0.00002  0.00000
0.00000  0.00001  0.00008  0.00063  0.00358  0.01433  0.04053  0.08105  0.11463  0.11463  0.08105  0.04053  0.01433  0.00358  0.00063  0.00008  0.00001  0.00000
0.00000  0.00000  0.00002  0.00016  0.00090  0.00358  0.01013  0.02026  0.02866  0.02866  0.02026  0.01013  0.00358  0.00090  0.00016  0.00002  0.00000  0.00000
0.00000  0.00000  0.00000  0.00003  0.00016  0.00063  0.00179  0.00358  0.00507  0.00507  0.00358  0.00179  0.00063  0.00016  0.00003  0.00000  0.00000  0.00000
0.00000  0.00000  0.00000  0.00000  0.00002  0.00008  0.00022  0.00045  0.00063  0.00063  0.00045  0.00022  0.00008  0.00002  0.00000  0.00000  0.00000  0.00000
0.00000  0.00000  0.00000  0.00000  0.00000  0.00001  0.00002  0.00004  0.00006  0.00006  0.00004  0.00002  0.00001  0.00000  0.00000  0.00000  0.00000  0.00000
0.00000  0.00000  0.00000  0.00000  0.00000  0.00000  0.00000  0.00000  0.00000  0.00000  0.00000  0.00000  0.00000  0.00000  0.00000  0.00000  0.00000  0.00000
